Date,DailyConfirmed,DailyDeceased,DailyRecovered,TotalConfirmed,TotalDeceased,TotalRecovered
30 January ,1,0,0,1,0,0
31 January ,0,0,0,1,0,0
01 February ,0,0,0,1,0,0
02 February ,1,0,0,2,0,0
03 February ,1,0,0,3,0,0
04 February ,0,0,0,3,0,0
05 February ,0,0,0,3,0,0
06 February ,0,0,0,3,0,0
07 February ,0,0,0,3,0,0
08 February ,0,0,0,3,0,0
09 February ,0,0,0,3,0,0
10 February ,0,0,0,3,0,0
11 February ,0,0,0,3,0,0
12 February ,0,0,0,3,0,0
13 February ,0,0,1,3,0,1
14 February ,0,0,0,3,0,1
15 February ,0,0,0,3,0,1
16 February ,0,0,1,3,0,2
17 February ,0,0,0,3,0,2
18 February ,0,0,0,3,0,2
19 February ,0,0,0,3,0,2
20 February ,0,0,1,3,0,3
21 February ,0,0,0,3,0,3
22 February ,0,0,0,3,0,3
23 February ,0,0,0,3,0,3
24 February ,0,0,0,3,0,3
25 February ,0,0,0,3,0,3
26 February ,0,0,0,3,0,3
27 February ,0,0,0,3,0,3
28 February ,0,0,0,3,0,3
29 February ,0,0,0,3,0,3
01 March ,0,0,0,3,0,3
02 March ,2,0,0,5,0,3
03 March ,1,0,0,6,0,3
04 March ,22,0,0,28,0,3
05 March ,2,0,0,30,0,3
06 March ,1,0,0,31,0,3
07 March ,3,0,0,34,0,3
08 March ,5,0,0,39,0,3
09 March ,9,0,0,48,0,3
10 March ,15,0,1,63,0,4
11 March ,8,0,0,71,0,4
12 March ,10,1,0,81,1,4
13 March ,10,0,6,91,1,10
14 March ,11,1,0,102,2,10
15 March ,10,0,3,112,2,13
16 March ,14,0,1,126,2,14
17 March ,20,1,1,146,3,15
18 March ,25,0,0,171,3,15
19 March ,27,1,5,198,4,20
20 March ,58,0,3,256,4,23
21 March ,78,0,0,334,4,23
22 March ,69,3,0,403,7,23
23 March ,94,2,2,497,9,25
24 March ,74,1,15,571,10,40
25 March ,86,1,3,657,11,43
26 March ,73,5,7,730,16,50
27 March ,153,3,25,883,19,75
28 March ,136,5,10,1019,24,85
29 March ,120,3,17,1139,27,102
30 March ,187,16,35,1326,43,137
31 March ,309,6,13,1635,49,150
01 April ,424,7,19,2059,56,169
02 April ,486,16,22,2545,72,191
03 April ,560,14,39,3105,86,230
04 April ,579,13,56,3684,99,286
05 April ,609,22,43,4293,121,329
06 April ,485,16,65,4778,137,394
07 April ,573,27,75,5351,164,469
08 April ,565,20,96,5916,184,565
09 April ,813,46,70,6729,230,635
10 April ,871,22,151,7600,252,786
11 April ,854,40,186,8454,292,972
12 April ,758,42,114,9212,334,1086
13 April ,1243,27,112,10455,361,1198
14 April ,1035,37,167,11490,398,1365
15 April ,882,27,144,12372,425,1509
